1 1 5   4.91760e+02 8.18033e+02 8.72988e+02 9.25037e+02
1 2 12  4.94338e+02 8.19278e+02 8.74192e+02 9.26127e+02
1 3 18  4.91084e+02 8.14798e+02 8.69694e+02 9.20828e+02
1 4 25  4.91912e+02 8.14398e+02 8.69863e+02 9.21202e+02
2 1 31  4.92444e+02 8.15970e+02 8.71108e+02 9.22517e+02
2 2 37  4.89858e+02 8.09252e+02 8.63684e+02 9.14990e+02
2 3 43  4.90175e+02 8.09957e+02 8.64674e+02 9.15170e+02
2 4 50  4.89442e+02 8.09580e+02 8.64645e+02 9.15552e+02
3 1 54  3.72741e+02 6.37709e+02 6.81403e+02 7.23031e+02
3 2 59  3.67292e+02 6.27375e+02 6.70924e+02 7.11564e+02
3 3 63  3.64419e+02 6.24374e+02 6.67639e+02 7.08447e+02
3 4 67  3.73833e+02 6.39556e+02 6.84884e+02 7.25707e+02
4 1 23  3.70831e+02 6.33182e+02 6.76969e+02 7.18131e+02
4 2 3   3.69264e+02 6.30561e+02 6.73467e+02 7.15316e+02
4 3 9   3.65066e+02 6.23803e+02 6.67228e+02 7.07867e+02
4 4 16  3.70553e+02 6.33426e+02 6.76600e+02 7.17914e+02
5 1 29  3.73579e+02 6.18840e+02 6.59780e+02 6.98993e+02
5 2 35  3.70925e+02 6.14178e+02 6.55089e+02 6.93531e+02
5 3 41  3.71477e+02 6.14874e+02 6.55039e+02 6.94036e+02
5 4 48  3.76515e+02 6.22097e+02 6.63136e+02 7.02672e+02
6 1 52  3.70450e+02 6.11645e+02 6.52007e+02 6.90571e+02
6 2 57  3.66080e+02 6.05593e+02 6.45557e+02 6.83853e+02
6 3 61  3.67386e+02 6.07730e+02 6.47961e+02 6.86083e+02
6 4 65  3.71740e+02 6.13285e+02 6.53835e+02 6.92568e+02
7 1 1   3.62737e+02 6.26560e+02 6.69730e+02 7.11864e+02
7 2 7   3.59113e+02 6.21615e+02 6.65060e+02 7.06992e+02
7 3 14  3.61404e+02 6.25170e+02 6.69305e+02 7.10898e+02
7 4 20  3.66110e+02 6.30937e+02 6.74693e+02 7.15949e+02
10 1 30 3.84547e+02 6.39877e+02 6.83738e+02 7.23366e+02
10 2 36 3.80150e+02 6.32224e+02 6.74431e+02 7.14187e+02
10 3 42 3.85261e+02 6.40366e+02 6.82970e+02 7.23400e+02
10 4 49 3.86619e+02 6.41151e+02 6.83564e+02 7.24429e+02
11 1 5  2.53661e+02 4.49719e+02 4.82133e+02 5.11262e+02
11 3 18 2.52171e+02 4.45661e+02 4.76886e+02 5.07211e+02
11 4 25
12 1 50
12 2 31
12 3 37
12 4 43
13 1 54
13 2 59
13 3 63
13 4 67
14 1 23 
14 2 3
14 3 9
14 4 16
15 1 29
15 2 35
15 3 41
15 4 48
16 1 65
16 2 52
16 3 57
16 4 61